-15	2.74741e-96
-14.8824	8.98865e-95
-14.7647	2.85776e-93
-14.6471	8.84565e-92
-14.5294	2.66324e-90
-14.4118	7.79949e-89
-14.2941	2.22177e-87
-14.1765	6.15614e-86
-14.0588	1.65918e-84
-13.9412	4.34967e-83
-13.8235	1.10916e-81
-13.7059	2.75111e-80
-13.5882	6.63741e-79
-13.4706	1.55763e-77
-13.3529	3.55554e-76
-13.2353	7.89447e-75
-13.1176	1.70496e-73
-13	3.58165e-72
-12.8824	7.31855e-71
-12.7647	1.4546e-69
-12.6471	2.81213e-68
-12.5294	5.28812e-67
-12.4118	9.67259e-66
-12.2941	1.72091e-64
-12.1765	2.97815e-63
-12.0588	5.01314e-62
-11.9412	8.20816e-61
-11.8235	1.30724e-59
-11.7059	2.02506e-58
-11.5882	3.05135e-57
-11.4706	4.47217e-56
-11.3529	6.37555e-55
-11.2353	8.84073e-54
-11.1176	1.19242e-52
-11	1.56438e-51
-10.8824	1.9963e-50
-10.7647	2.47787e-49
-10.6471	2.99158e-48
-10.5294	3.51311e-47
-10.4118	4.01284e-46
-10.2941	4.4584e-45
-10.1765	4.81808e-44
-10.0588	5.06449e-43
-9.94118	5.17802e-42
-9.82353	5.14941e-41
-9.70588	4.98099e-40
-9.58824	4.68638e-39
-9.47059	4.28867e-38
-9.35294	3.81742e-37
-9.23529	3.30505e-36
-9.11765	2.78321e-35
-9	2.27968e-34
-8.88235	1.81619e-33
-8.76471	1.40736e-32
-8.64706	1.06073e-31
-8.52941	7.776e-31
-8.41176	5.54451e-30
-8.29412	3.84522e-29
-8.17647	2.59375e-28
-8.05882	1.70171e-27
-7.94118	1.0859e-26
-7.82353	6.73963e-26
-7.70588	4.06843e-25
-7.58824	2.38868e-24
-7.47059	1.36404e-23
-7.35294	7.57587e-23
-7.23529	4.09233e-22
-7.11765	2.15001e-21
-7	1.0986e-20
-6.88235	5.45959e-20
-6.76471	2.63878e-19
-6.64706	1.24041e-18
-6.52941	5.67074e-18
-6.41176	2.52131e-17
-6.29412	1.09023e-16
-6.17647	4.5847e-16
-6.05882	1.875e-15
-5.94118	7.4573e-15
-5.82353	2.88435e-14
-5.70588	1.08491e-13
-5.58824	3.9684e-13
-5.47059	1.41157e-12
-5.35294	4.88256e-12
-5.23529	1.64227e-11
-5.11765	5.37135e-11
-5	1.70827e-10
-4.88235	5.28266e-10
-4.76471	1.5884e-09
-4.64706	4.64377e-09
-4.52941	1.31998e-08
-4.41176	3.64788e-08
-4.29412	9.80106e-08
-4.17647	2.56005e-07
-4.05882	6.50054e-07
-3.94118	1.60456e-06
-3.82353	3.8499e-06
-3.70588	8.97849e-06
-3.58824	2.03514e-05
-3.47059	4.48323e-05
-3.35294	9.59765e-05
-3.23529	0.000199655
-3.11765	0.000403551
-3	0.000792456
-2.88235	0.00151169
-2.76471	0.00280095
-2.64706	0.00504011
-2.52941	0.00880639
-2.41176	0.0149381
-2.29412	0.0245948
-2.17647	0.0392942
-2.05882	0.0609012
-1.94118	0.0915349
-1.82353	0.133363
-1.70588	0.188259
-1.58824	0.257331
-1.47059	0.340349
-1.35294	0.435165
-1.23529	0.537248
-1.11765	0.639478
-1	0.73236
-0.882353	0.804745
-0.764706	0.845064
-0.647059	0.842959
-0.529412	0.791066
-0.411765	0.686614
-0.294118	0.532498
-0.176471	0.337514
-0.0588235	0.115633
0.0588235	-0.115633
0.176471	-0.337514
0.294118	-0.532498
0.411765	-0.686614
0.529412	-0.791066
0.647059	-0.842959
0.764706	-0.845064
0.882353	-0.804745
1	-0.73236
1.11765	-0.639478
1.23529	-0.537248
1.35294	-0.435165
1.47059	-0.340349
1.58824	-0.257331
1.70588	-0.188259
1.82353	-0.133363
1.94118	-0.0915349
2.05882	-0.0609012
2.17647	-0.0392942
2.29412	-0.0245948
2.41176	-0.0149381
2.52941	-0.00880639
2.64706	-0.00504011
2.76471	-0.00280095
2.88235	-0.00151169
3	-0.000792456
3.11765	-0.000403551
3.23529	-0.000199655
3.35294	-9.59765e-05
3.47059	-4.48323e-05
3.58824	-2.03514e-05
3.70588	-8.97849e-06
3.82353	-3.8499e-06
3.94118	-1.60456e-06
4.05882	-6.50054e-07
4.17647	-2.56005e-07
4.29412	-9.80106e-08
4.41176	-3.64788e-08
4.52941	-1.31998e-08
4.64706	-4.64377e-09
4.76471	-1.5884e-09
4.88235	-5.28266e-10
5	-1.70827e-10
5.11765	-5.37135e-11
5.23529	-1.64227e-11
5.35294	-4.88256e-12
5.47059	-1.41157e-12
5.58824	-3.9684e-13
5.70588	-1.08491e-13
5.82353	-2.88435e-14
5.94118	-7.4573e-15
6.05882	-1.875e-15
6.17647	-4.5847e-16
6.29412	-1.09023e-16
6.41176	-2.52131e-17
6.52941	-5.67074e-18
6.64706	-1.24041e-18
6.76471	-2.63878e-19
6.88235	-5.45959e-20
7	-1.0986e-20
7.11765	-2.15001e-21
7.23529	-4.09233e-22
7.35294	-7.57587e-23
7.47059	-1.36404e-23
7.58824	-2.38868e-24
7.70588	-4.06843e-25
7.82353	-6.73963e-26
7.94118	-1.0859e-26
8.05882	-1.70171e-27
8.17647	-2.59375e-28
8.29412	-3.84522e-29
8.41176	-5.54451e-30
8.52941	-7.776e-31
8.64706	-1.06073e-31
8.76471	-1.40736e-32
8.88235	-1.81619e-33
9	-2.27968e-34
9.11765	-2.78321e-35
9.23529	-3.30505e-36
9.35294	-3.81742e-37
9.47059	-4.28867e-38
9.58824	-4.68638e-39
9.70588	-4.98099e-40
9.82353	-5.14941e-41
9.94118	-5.17802e-42
10.0588	-5.06449e-43
10.1765	-4.81808e-44
10.2941	-4.4584e-45
10.4118	-4.01284e-46
10.5294	-3.51311e-47
10.6471	-2.99158e-48
10.7647	-2.47787e-49
10.8824	-1.9963e-50
11	-1.56438e-51
11.1176	-1.19242e-52
11.2353	-8.84073e-54
11.3529	-6.37555e-55
11.4706	-4.47217e-56
11.5882	-3.05135e-57
11.7059	-2.02506e-58
11.8235	-1.30724e-59
11.9412	-8.20816e-61
12.0588	-5.01314e-62
12.1765	-2.97815e-63
12.2941	-1.72091e-64
12.4118	-9.67259e-66
12.5294	-5.28812e-67
12.6471	-2.81213e-68
12.7647	-1.4546e-69
12.8824	-7.31855e-71
13	-3.58165e-72
13.1176	-1.70496e-73
13.2353	-7.89447e-75
13.3529	-3.55554e-76
13.4706	-1.55763e-77
13.5882	-6.63741e-79
13.7059	-2.75111e-80
13.8235	-1.10916e-81
13.9412	-4.34967e-83
14.0588	-1.65918e-84
14.1765	-6.15614e-86
14.2941	-2.22177e-87
14.4118	-7.79949e-89
14.5294	-2.66324e-90
14.6471	-8.84565e-92
14.7647	-2.85776e-93
14.8824	-8.98048e-95
15	-2.74741e-96
